clear
pkg load symbolic
syms w2;

rK=[
100000000000000000000.00    41074380.95 -79857.43   40256047.62 0.00    0.00    0.00    0.00    0.00    0.00    ;
41074380.95 100000000000000000000.00    -40256047.62    13449857142.52  0.00    0.00    0.00    0.00    0.00    0.00    ;
-79857.43   -40256047.62    169534.86   0.00    -79857.43   40256047.62 0.00    0.00    0.00    0.00    ;
40256047.62 13449857142.52  0.00    54267047617.71  -40256047.62    13449857142.52  0.00    0.00    0.00    0.00    ;
0.00    0.00    -79857.43   -40256047.62    169534.86   0.00    -79857.43   40256047.62 0.00    0.00    ;
0.00    0.00    40256047.62 13449857142.52  0.00    54267047617.71  -40256047.62    13449857142.52  0.00    0.00    ;
0.00    0.00    0.00    0.00    -79857.43   -40256047.62    169534.86   0.00    -79857.43   40256047.62 ;
0.00    0.00    0.00    0.00    40256047.62 13449857142.52  0.00    54267047617.71  -40256047.62    13449857142.52  ;
0.00    0.00    0.00    0.00    0.00    0.00    -79857.43   -40256047.62    100000000000000000000.00    -41074380.95    ;
0.00    0.00    0.00    0.00    0.00    0.00    40256047.62 13449857142.52  -41074380.95    100000000000000000000.00    ;
];

rM=[
100000000000000000000.00    3666.67 128.57  -2166.67    0.00    0.00    0.00    0.00    0.00    0.00    ;
3666.6667   100000000000000000000.00    2166.67 -500000.00  0.00    0.00    0.00    0.00    0.00    0.00    ;
128.5714    2166.67 52.00   0.00    128.57  -2166.67    0.00    0.00    0.00    0.00    ;
-2166.6667  -500000.00  0.00    1333333.33  2166.67 -500000.00  0.00    0.00    0.00    0.00    ;
0   0.00    128.57  2166.67 52.00   0.00    128.57  -2166.67    0.00    0.00    ;
0   0.00    -2166.67    -500000.00  0.00    1333333.33  2166.67 -500000.00  0.00    0.00    ;
0   0.00    0.00    0.00    128.57  2166.67 52.00   0.00    128.57  -2166.67    ;
0   0.00    0.00    0.00    -2166.67    -500000.00  0.00    1333333.33  2166.67 -500000.00  ;
0   0.00    0.00    0.00    0.00    0.00    128.57  2166.67 100000000000000000000.00    -3666.67    ;
0   0.00    0.00    0.00    0.00    0.00    -2166.67    -500000.00  -3666.67    100000000000000000000.00    ;
];

%A1=rK-w2*rM;
A=inv(rK)*M;
[v,d]=eig(A);

